Week : 2169
Seconds : 524330.830
Latitude(deg) : 35.152053
Longitude(deg) : 126.793222
Height(m) : 52.786461
North Vel(m/s) : 0.000349
East Vel(m/s) : 0.002223
Up Vel(m/s) : -0.006493
Roll(deg) : 0.634058
Pitch(deg) : -2.716610
Azimuth(deg) : 262.618495
x_latitude(m) : 283983.545101
y_longitude(m) : 181158.548214
Velocity(kph) : -0.008097
Status : INS_SOLUTION_GOOD