Week : 2169
Seconds : 524333.850
Latitude(deg) : 35.152053
Longitude(deg) : 126.793222
Height(m) : 52.816411
North Vel(m/s) : -0.002119
East Vel(m/s) : 0.000070
Up Vel(m/s) : -0.000727
Roll(deg) : 0.630781
Pitch(deg) : -2.722161
Azimuth(deg) : 262.597126
x_latitude(m) : 283983.541600
y_longitude(m) : 181158.554133
Velocity(kph) : 0.000734
Status : INS_SOLUTION_GOOD