Week : 2169
Seconds : 524380.850
Latitude(deg) : 35.152189
Longitude(deg) : 126.793061
Height(m) : 53.255566
North Vel(m/s) : 5.773438
East Vel(m/s) : -2.112064
Up Vel(m/s) : 0.106291
Roll(deg) : 0.921517
Pitch(deg) : 2.049614
Azimuth(deg) : 340.769659
x_latitude(m) : 283998.598427
y_longitude(m) : 181143.907403
Velocity(kph) : 22.128969
Status : INS_SOLUTION_GOOD