Week : 2169
Seconds : 524322.360
Latitude(deg) : 35.152064
Longitude(deg) : 126.793307
Height(m) : 53.572041
North Vel(m/s) : -0.415417
East Vel(m/s) : -2.749842
Up Vel(m/s) : -0.172120
Roll(deg) : 1.959223
Pitch(deg) : -3.342255
Azimuth(deg) : 262.972383
x_latitude(m) : 283984.730129
y_longitude(m) : 181166.316034
Velocity(kph) : 10.008031
Status : INS_SOLUTION_GOOD