Week : 2169
Seconds : 524405.800
Latitude(deg) : 35.153218
Longitude(deg) : 126.793208
Height(m) : 58.807990
North Vel(m/s) : 1.297338
East Vel(m/s) : 4.589927
Up Vel(m/s) : 0.662716
Roll(deg) : 1.295935
Pitch(deg) : 8.853242
Azimuth(deg) : 74.547954
x_latitude(m) : 284112.742106
y_longitude(m) : 181157.599003
Velocity(kph) : 17.170813
Status : INS_SOLUTION_GOOD