Week : 2169
Seconds : 524388.340
Latitude(deg) : 35.152672
Longitude(deg) : 126.792942
Height(m) : 54.468839
North Vel(m/s) : 7.832335
East Vel(m/s) : -1.106328
Up Vel(m/s) : 0.186311
Roll(deg) : 1.387018
Pitch(deg) : 1.672176
Azimuth(deg) : 353.050915
x_latitude(m) : 284052.214308
y_longitude(m) : 181133.234740
Velocity(kph) : 28.471141
Status : INS_SOLUTION_GOOD