Week : 2169
Seconds : 524315.870
Latitude(deg) : 35.152105
Longitude(deg) : 126.793616
Height(m) : 55.300386
North Vel(m/s) : -1.002872
East Vel(m/s) : -6.214126
Up Vel(m/s) : -0.432802
Roll(deg) : 1.350350
Pitch(deg) : -3.247329
Azimuth(deg) : 262.033120
x_latitude(m) : 283989.191415
y_longitude(m) : 181194.505400
Velocity(kph) : 22.655335
Status : INS_SOLUTION_GOOD