Week : 2169
Seconds : 524392.840
Latitude(deg) : 35.152937
Longitude(deg) : 126.792900
Height(m) : 55.163085
North Vel(m/s) : 4.817403
East Vel(m/s) : -0.635113
Up Vel(m/s) : 0.115751
Roll(deg) : 1.161511
Pitch(deg) : 1.433190
Azimuth(deg) : 353.904119
x_latitude(m) : 284081.700766
y_longitude(m) : 181129.495354
Velocity(kph) : 17.487389
Status : INS_SOLUTION_GOOD