Week : 2169
Seconds : 524315.370
Latitude(deg) : 35.152109
Longitude(deg) : 126.793651
Height(m) : 55.487017
North Vel(m/s) : -0.975092
East Vel(m/s) : -6.421983
Up Vel(m/s) : -0.377793
Roll(deg) : 1.002763
Pitch(deg) : -3.339921
Azimuth(deg) : 262.370653
x_latitude(m) : 283989.656280
y_longitude(m) : 181197.671961
Velocity(kph) : 23.380527
Status : INS_SOLUTION_GOOD