Week : 2169
Seconds : 524418.350
Latitude(deg) : 35.153364
Longitude(deg) : 126.793442
Height(m) : 61.204724
North Vel(m/s) : 1.760350
East Vel(m/s) : -0.147523
Up Vel(m/s) : 0.051209
Roll(deg) : 0.135886
Pitch(deg) : 2.602803
Azimuth(deg) : 355.925631
x_latitude(m) : 284128.925001
y_longitude(m) : 181178.953898
Velocity(kph) : 6.358978
Status : INS_SOLUTION_GOOD