Week : 2169
Seconds : 524391.330
Latitude(deg) : 35.152864
Longitude(deg) : 126.792912
Height(m) : 54.963426
North Vel(m/s) : 6.090219
East Vel(m/s) : -0.781894
Up Vel(m/s) : 0.134878
Roll(deg) : 1.709896
Pitch(deg) : 1.583485
Azimuth(deg) : 353.928838
x_latitude(m) : 284073.580345
y_longitude(m) : 181130.540624
Velocity(kph) : 22.099525
Status : INS_SOLUTION_GOOD