Week : 2169
Seconds : 524375.360
Latitude(deg) : 35.152053
Longitude(deg) : 126.793208
Height(m) : 53.005531
North Vel(m/s) : 0.068512
East Vel(m/s) : -1.374598
Up Vel(m/s) : -0.066640
Roll(deg) : -0.559869
Pitch(deg) : -2.308652
Azimuth(deg) : 270.245452
x_latitude(m) : 283983.552714
y_longitude(m) : 181157.283117
Velocity(kph) : 4.949565
Status : INS_SOLUTION_GOOD