Week : 2169
Seconds : 524314.370
Latitude(deg) : 35.152118
Longitude(deg) : 126.793722
Height(m) : 55.932463
North Vel(m/s) : -1.177286
East Vel(m/s) : -6.624520
Up Vel(m/s) : -0.428480
Roll(deg) : 0.851046
Pitch(deg) : -2.464675
Azimuth(deg) : 262.041986
x_latitude(m) : 283990.680362
y_longitude(m) : 181204.195316
Velocity(kph) : 24.205380
Status : INS_SOLUTION_GOOD