Week : 2169
Seconds : 524321.860
Latitude(deg) : 35.152066
Longitude(deg) : 126.793323
Height(m) : 53.666286
North Vel(m/s) : -0.609507
East Vel(m/s) : -3.009921
Up Vel(m/s) : -0.081517
Roll(deg) : 2.301755
Pitch(deg) : -3.214202
Azimuth(deg) : 263.115473
x_latitude(m) : 283984.944555
y_longitude(m) : 181167.751471
Velocity(kph) : 11.020607
Status : INS_SOLUTION_GOOD