Week : 2169
Seconds : 524334.830
Latitude(deg) : 35.152053
Longitude(deg) : 126.793222
Height(m) : 52.817221
North Vel(m/s) : -0.000155
East Vel(m/s) : 0.000151
Up Vel(m/s) : -0.001892
Roll(deg) : 0.635230
Pitch(deg) : -2.730189
Azimuth(deg) : 262.594814
x_latitude(m) : 283983.539691
y_longitude(m) : 181158.555194
Velocity(kph) : -0.000469
Status : INS_SOLUTION_GOOD