Week : 2169
Seconds : 524395.830
Latitude(deg) : 35.153036
Longitude(deg) : 126.792889
Height(m) : 55.320579
North Vel(m/s) : 3.497561
East Vel(m/s) : -0.119449
Up Vel(m/s) : 0.063792
Roll(deg) : 0.856226
Pitch(deg) : 1.688876
Azimuth(deg) : 358.823769
x_latitude(m) : 284092.681289
y_longitude(m) : 181128.438740
Velocity(kph) : 12.597395
Status : INS_SOLUTION_GOOD