Week : 2169
Seconds : 524310.860
Latitude(deg) : 35.152155
Longitude(deg) : 126.793991
Height(m) : 57.499350
North Vel(m/s) : -1.063312
East Vel(m/s) : -6.935555
Up Vel(m/s) : -0.427106
Roll(deg) : 0.910080
Pitch(deg) : -3.373777
Azimuth(deg) : 262.479282
x_latitude(m) : 283994.694690
y_longitude(m) : 181228.701693
Velocity(kph) : 25.254230
Status : INS_SOLUTION_GOOD