Week : 2169
Seconds : 524410.800
Latitude(deg) : 35.153252
Longitude(deg) : 126.793388
Height(m) : 60.945200
North Vel(m/s) : 0.984733
East Vel(m/s) : 2.063382
Up Vel(m/s) : 0.212900
Roll(deg) : 0.887939
Pitch(deg) : 4.488105
Azimuth(deg) : 68.781257
x_latitude(m) : 284116.478975
y_longitude(m) : 181174.024613
Velocity(kph) : 8.207641
Status : INS_SOLUTION_GOOD