Week : 2169
Seconds : 524413.330
Latitude(deg) : 35.153291
Longitude(deg) : 126.793435
Height(m) : 61.180963
North Vel(m/s) : 2.174737
East Vel(m/s) : 0.953554
Up Vel(m/s) : -0.000830
Roll(deg) : -1.123138
Pitch(deg) : 0.963472
Azimuth(deg) : 29.275458
x_latitude(m) : 284120.853377
y_longitude(m) : 181178.257741
Velocity(kph) : 8.507783
Status : INS_SOLUTION_GOOD