Week : 2169
Seconds : 524336.840
Latitude(deg) : 35.152053
Longitude(deg) : 126.793222
Height(m) : 52.815769
North Vel(m/s) : 0.000610
East Vel(m/s) : -0.000067
Up Vel(m/s) : 0.000481
Roll(deg) : 0.639116
Pitch(deg) : -2.726075
Azimuth(deg) : 262.620066
x_latitude(m) : 283983.537597
y_longitude(m) : 181158.556727
Velocity(kph) : -0.000042
Status : INS_SOLUTION_GOOD