Week : 2169
Seconds : 524343.810
Latitude(deg) : 35.152053
Longitude(deg) : 126.793222
Height(m) : 52.813733
North Vel(m/s) : 0.000969
East Vel(m/s) : 0.002535
Up Vel(m/s) : 0.003094
Roll(deg) : 0.640768
Pitch(deg) : -2.725328
Azimuth(deg) : 262.467429
x_latitude(m) : 283983.532205
y_longitude(m) : 181158.558420
Velocity(kph) : -0.009506
Status : INS_SOLUTION_GOOD