Week : 2169
Seconds : 524319.860
Latitude(deg) : 35.152075
Longitude(deg) : 126.793396
Height(m) : 54.070069
North Vel(m/s) : -0.536417
East Vel(m/s) : -3.598438
Up Vel(m/s) : -0.189396
Roll(deg) : 1.684732
Pitch(deg) : -2.887700
Azimuth(deg) : 262.493112
x_latitude(m) : 283985.879468
y_longitude(m) : 181174.476481
Velocity(kph) : 13.095635
Status : INS_SOLUTION_GOOD