Week : 2169
Seconds : 524399.300
Latitude(deg) : 35.153144
Longitude(deg) : 126.792920
Height(m) : 55.356691
North Vel(m/s) : 2.959825
East Vel(m/s) : 2.297414
Up Vel(m/s) : 0.048788
Roll(deg) : -1.009381
Pitch(deg) : 1.955505
Azimuth(deg) : 37.723259
x_latitude(m) : 284104.611368
y_longitude(m) : 181131.296683
Velocity(kph) : 13.488540
Status : INS_SOLUTION_GOOD