Week : 2169
Seconds : 524413.800
Latitude(deg) : 35.153301
Longitude(deg) : 126.793439
Height(m) : 61.183247
North Vel(m/s) : 2.246240
East Vel(m/s) : 0.767616
Up Vel(m/s) : -0.007070
Roll(deg) : -0.884502
Pitch(deg) : 0.291279
Azimuth(deg) : 22.575339
x_latitude(m) : 284121.877990
y_longitude(m) : 181178.670346
Velocity(kph) : 8.527714
Status : INS_SOLUTION_GOOD