Week : 2169
Seconds : 524324.350
Latitude(deg) : 35.152058
Longitude(deg) : 126.793256
Height(m) : 53.263991
North Vel(m/s) : -0.223413
East Vel(m/s) : -1.822362
Up Vel(m/s) : -0.084160
Roll(deg) : 1.160183
Pitch(deg) : -3.124772
Azimuth(deg) : 262.733591
x_latitude(m) : 283984.070691
y_longitude(m) : 181161.677818
Velocity(kph) : 6.609544
Status : INS_SOLUTION_GOOD