Week : 2169
Seconds : 524379.830
Latitude(deg) : 35.152140
Longitude(deg) : 126.793086
Height(m) : 53.185141
North Vel(m/s) : 4.771551
East Vel(m/s) : -2.560850
Up Vel(m/s) : 0.127759
Roll(deg) : -0.312599
Pitch(deg) : 0.984733
Azimuth(deg) : 332.053328
x_latitude(m) : 283993.184209
y_longitude(m) : 181146.224157
Velocity(kph) : 19.494914
Status : INS_SOLUTION_GOOD