Week : 2169
Seconds : 524382.840
Latitude(deg) : 35.152306
Longitude(deg) : 126.793022
Height(m) : 53.565247
North Vel(m/s) : 6.831056
East Vel(m/s) : -1.399011
Up Vel(m/s) : 0.169288
Roll(deg) : 1.140732
Pitch(deg) : 1.660353
Azimuth(deg) : 349.445793
x_latitude(m) : 284011.672756
y_longitude(m) : 181140.439561
Velocity(kph) : 25.098263
Status : INS_SOLUTION_GOOD