Week : 2169
Seconds : 524385.850
Latitude(deg) : 35.152497
Longitude(deg) : 126.792978
Height(m) : 54.037849
North Vel(m/s) : 7.543691
East Vel(m/s) : -1.415434
Up Vel(m/s) : 0.164045
Roll(deg) : 1.247068
Pitch(deg) : 1.663732
Azimuth(deg) : 350.429930
x_latitude(m) : 284032.855943
y_longitude(m) : 181136.467218
Velocity(kph) : 27.626498
Status : INS_SOLUTION_GOOD