Week : 2169
Seconds : 524408.310
Latitude(deg) : 35.153239
Longitude(deg) : 126.793322
Height(m) : 60.225413
North Vel(m/s) : 0.529082
East Vel(m/s) : 3.152565
Up Vel(m/s) : 0.415060
Roll(deg) : 1.498994
Pitch(deg) : 7.760748
Azimuth(deg) : 81.768336
x_latitude(m) : 284115.031497
y_longitude(m) : 181167.976202
Velocity(kph) : 11.505014
Status : INS_SOLUTION_GOOD