Week : 2169
Seconds : 524356.850
Latitude(deg) : 35.152053
Longitude(deg) : 126.793222
Height(m) : 52.814970
North Vel(m/s) : 0.000893
East Vel(m/s) : 0.001081
Up Vel(m/s) : 0.000591
Roll(deg) : 0.640166
Pitch(deg) : -2.720421
Azimuth(deg) : 262.519634
x_latitude(m) : 283983.531884
y_longitude(m) : 181158.559913
Velocity(kph) : -0.004277
Status : INS_SOLUTION_GOOD