Week : 2169
Seconds : 524386.840
Latitude(deg) : 35.152566
Longitude(deg) : 126.792963
Height(m) : 54.178878
North Vel(m/s) : 7.758011
East Vel(m/s) : -1.386608
Up Vel(m/s) : 0.172734
Roll(deg) : 1.324146
Pitch(deg) : 1.721181
Azimuth(deg) : 351.034397
x_latitude(m) : 284040.437406
y_longitude(m) : 181135.097959
Velocity(kph) : 28.365536
Status : INS_SOLUTION_GOOD