Week : 2169
Seconds : 524398.290
Latitude(deg) : 35.153115
Longitude(deg) : 126.792900
Height(m) : 55.371240
North Vel(m/s) : 3.203064
East Vel(m/s) : 1.227901
Up Vel(m/s) : 0.060262
Roll(deg) : 0.961472
Pitch(deg) : 0.791045
Azimuth(deg) : 18.368239
x_latitude(m) : 284101.451165
y_longitude(m) : 181129.522454
Velocity(kph) : 12.336517
Status : INS_SOLUTION_GOOD