Week : 2169
Seconds : 524327.850
Latitude(deg) : 35.152054
Longitude(deg) : 126.793221
Height(m) : 53.196605
North Vel(m/s) : -0.003750
East Vel(m/s) : -0.023928
Up Vel(m/s) : -0.003288
Roll(deg) : 0.639583
Pitch(deg) : -2.787038
Azimuth(deg) : 262.591407
x_latitude(m) : 283983.583591
y_longitude(m) : 181158.459872
Velocity(kph) : 0.087162
Status : INS_SOLUTION_GOOD