Week : 2169
Seconds : 524383.340
Latitude(deg) : 35.152337
Longitude(deg) : 126.793015
Height(m) : 53.653486
North Vel(m/s) : 6.688398
East Vel(m/s) : -1.348886
Up Vel(m/s) : 0.197710
Roll(deg) : 0.689661
Pitch(deg) : 2.044151
Azimuth(deg) : 350.179664
x_latitude(m) : 284015.028530
y_longitude(m) : 181139.778645
Velocity(kph) : 24.553660
Status : INS_SOLUTION_GOOD