Week : 2169
Seconds : 524350.820
Latitude(deg) : 35.152053
Longitude(deg) : 126.793222
Height(m) : 52.814602
North Vel(m/s) : -0.002012
East Vel(m/s) : -0.002712
Up Vel(m/s) : -0.000901
Roll(deg) : 0.646780
Pitch(deg) : -2.729855
Azimuth(deg) : 262.531815
x_latitude(m) : 283983.532235
y_longitude(m) : 181158.559183
Velocity(kph) : 0.010621
Status : INS_SOLUTION_GOOD