Week : 2169
Seconds : 524359.850
Latitude(deg) : 35.152053
Longitude(deg) : 126.793222
Height(m) : 52.815119
North Vel(m/s) : -0.000843
East Vel(m/s) : 0.001081
Up Vel(m/s) : 0.001115
Roll(deg) : 0.628786
Pitch(deg) : -2.721927
Azimuth(deg) : 262.508018
x_latitude(m) : 283983.531624
y_longitude(m) : 181158.560423
Velocity(kph) : -0.003463
Status : INS_SOLUTION_GOOD