Week : 2169
Seconds : 524313.360
Latitude(deg) : 35.152129
Longitude(deg) : 126.793797
Height(m) : 56.411152
North Vel(m/s) : -1.229746
East Vel(m/s) : -7.096798
Up Vel(m/s) : -0.435836
Roll(deg) : 1.061218
Pitch(deg) : -3.394934
Azimuth(deg) : 261.640657
x_latitude(m) : 283991.796914
y_longitude(m) : 181211.035919
Velocity(kph) : 25.920654
Status : INS_SOLUTION_GOOD