Week : 2169
Seconds : 524412.320
Latitude(deg) : 35.153273
Longitude(deg) : 126.793421
Height(m) : 61.146109
North Vel(m/s) : 1.975961
East Vel(m/s) : 1.568849
Up Vel(m/s) : 0.025170
Roll(deg) : -0.567357
Pitch(deg) : 1.754145
Azimuth(deg) : 44.210030
x_latitude(m) : 284118.786791
y_longitude(m) : 181176.972244
Velocity(kph) : 9.037044
Status : INS_SOLUTION_GOOD