Week : 2169
Seconds : 524373.850
Latitude(deg) : 35.152053
Longitude(deg) : 126.793222
Height(m) : 52.816887
North Vel(m/s) : -0.015884
East Vel(m/s) : -0.100969
Up Vel(m/s) : -0.007715
Roll(deg) : 0.593871
Pitch(deg) : -2.655687
Azimuth(deg) : 262.571311
x_latitude(m) : 283983.531390
y_longitude(m) : 181158.561984
Velocity(kph) : 0.367832
Status : INS_SOLUTION_GOOD