Week : 2169
Seconds : 524379.350
Latitude(deg) : 35.152120
Longitude(deg) : 126.793100
Height(m) : 53.175538
North Vel(m/s) : 4.188813
East Vel(m/s) : -2.690058
Up Vel(m/s) : -0.009356
Roll(deg) : -0.856589
Pitch(deg) : 1.037414
Azimuth(deg) : 326.579732
x_latitude(m) : 283991.018290
y_longitude(m) : 181147.474984
Velocity(kph) : 17.920171
Status : INS_SOLUTION_GOOD