Week : 2169
Seconds : 524407.290
Latitude(deg) : 35.153232
Longitude(deg) : 126.793280
Height(m) : 59.717096
North Vel(m/s) : 0.881472
East Vel(m/s) : 4.177566
Up Vel(m/s) : 0.586054
Roll(deg) : 1.580764
Pitch(deg) : 8.255993
Azimuth(deg) : 79.409353
x_latitude(m) : 284114.353794
y_longitude(m) : 181164.152609
Velocity(kph) : 15.366273
Status : INS_SOLUTION_GOOD