Week : 2169
Seconds : 524403.300
Latitude(deg) : 35.153189
Longitude(deg) : 126.793086
Height(m) : 57.218271
North Vel(m/s) : 0.958097
East Vel(m/s) : 4.332771
Up Vel(m/s) : 0.596006
Roll(deg) : 1.689983
Pitch(deg) : 8.731534
Azimuth(deg) : 78.806841
x_latitude(m) : 284109.604743
y_longitude(m) : 181146.442388
Velocity(kph) : 15.970815
Status : INS_SOLUTION_GOOD