Week : 2169
Seconds : 524385.350
Latitude(deg) : 35.152464
Longitude(deg) : 126.792986
Height(m) : 53.967609
North Vel(m/s) : 7.354933
East Vel(m/s) : -1.404277
Up Vel(m/s) : 0.123770
Roll(deg) : 0.754032
Pitch(deg) : 1.455662
Azimuth(deg) : 350.300862
x_latitude(m) : 284029.124132
y_longitude(m) : 181137.158408
Velocity(kph) : 26.950993
Status : INS_SOLUTION_GOOD