Week : 2169
Seconds : 524388.840
Latitude(deg) : 35.152707
Longitude(deg) : 126.792936
Height(m) : 54.555560
North Vel(m/s) : 7.735520
East Vel(m/s) : -1.031539
Up Vel(m/s) : 0.173939
Roll(deg) : 1.427140
Pitch(deg) : 1.706486
Azimuth(deg) : 353.507958
x_latitude(m) : 284056.111509
y_longitude(m) : 181132.701597
Velocity(kph) : 28.089172
Status : INS_SOLUTION_GOOD