Week : 2169
Seconds : 524367.850
Latitude(deg) : 35.152053
Longitude(deg) : 126.793222
Height(m) : 52.816210
North Vel(m/s) : -0.000605
East Vel(m/s) : 0.001722
Up Vel(m/s) : -0.000265
Roll(deg) : 0.632494
Pitch(deg) : -2.699928
Azimuth(deg) : 262.522707
x_latitude(m) : 283983.531621
y_longitude(m) : 181158.561401
Velocity(kph) : -0.005863
Status : INS_SOLUTION_GOOD