Week : 2169
Seconds : 524370.850
Latitude(deg) : 35.152053
Longitude(deg) : 126.793222
Height(m) : 52.815862
North Vel(m/s) : -0.000655
East Vel(m/s) : -0.002534
Up Vel(m/s) : -0.002345
Roll(deg) : 0.628276
Pitch(deg) : -2.739239
Azimuth(deg) : 262.520537
x_latitude(m) : 283983.531224
y_longitude(m) : 181158.561324
Velocity(kph) : 0.009353
Status : INS_SOLUTION_GOOD