Week : 2169
Seconds : 524335.850
Latitude(deg) : 35.152053
Longitude(deg) : 126.793222
Height(m) : 52.816699
North Vel(m/s) : 0.001656
East Vel(m/s) : -0.002053
Up Vel(m/s) : 0.001172
Roll(deg) : 0.638796
Pitch(deg) : -2.732317
Azimuth(deg) : 262.599510
x_latitude(m) : 283983.538325
y_longitude(m) : 181158.556121
Velocity(kph) : 0.006560
Status : INS_SOLUTION_GOOD