Week : 2169
Seconds : 524364.840
Latitude(deg) : 35.152053
Longitude(deg) : 126.793222
Height(m) : 52.815545
North Vel(m/s) : -0.002385
East Vel(m/s) : -0.002995
Up Vel(m/s) : -0.001068
Roll(deg) : 0.615589
Pitch(deg) : -2.729726
Azimuth(deg) : 262.527535
x_latitude(m) : 283983.531742
y_longitude(m) : 181158.561065
Velocity(kph) : 0.011805
Status : INS_SOLUTION_GOOD