Week : 2169
Seconds : 524412.800
Latitude(deg) : 35.153281
Longitude(deg) : 126.793428
Height(m) : 61.167951
North Vel(m/s) : 2.061292
East Vel(m/s) : 1.301284
Up Vel(m/s) : 0.033672
Roll(deg) : -0.675148
Pitch(deg) : 1.306781
Azimuth(deg) : 36.876644
x_latitude(m) : 284119.744656
y_longitude(m) : 181177.664688
Velocity(kph) : 8.747211
Status : INS_SOLUTION_GOOD