Week : 2169
Seconds : 524309.360
Latitude(deg) : 35.152168
Longitude(deg) : 126.794103
Height(m) : 58.108594
North Vel(m/s) : -0.961958
East Vel(m/s) : -6.593589
Up Vel(m/s) : -0.383572
Roll(deg) : 1.065802
Pitch(deg) : -2.897060
Azimuth(deg) : 262.774213
x_latitude(m) : 283996.141422
y_longitude(m) : 181238.856371
Velocity(kph) : 23.983986
Status : INS_SOLUTION_GOOD