Week : 2169
Seconds : 524303.360
Latitude(deg) : 35.152221
Longitude(deg) : 126.794523
Height(m) : 59.871867
North Vel(m/s) : -0.983644
East Vel(m/s) : -6.116150
Up Vel(m/s) : -0.093669
Roll(deg) : 0.906857
Pitch(deg) : -0.468961
Azimuth(deg) : 262.150395
x_latitude(m) : 284001.921937
y_longitude(m) : 181277.180414
Velocity(kph) : 22.295451
Status : INS_SOLUTION_GOOD