Week : 2169
Seconds : 524361.830
Latitude(deg) : 35.152053
Longitude(deg) : 126.793222
Height(m) : 52.815285
North Vel(m/s) : -0.000356
East Vel(m/s) : -0.000745
Up Vel(m/s) : -0.000413
Roll(deg) : 0.630124
Pitch(deg) : -2.721987
Azimuth(deg) : 262.514760
x_latitude(m) : 283983.531721
y_longitude(m) : 181158.560727
Velocity(kph) : 0.002826
Status : INS_SOLUTION_GOOD