Week : 2169
Seconds : 524306.370
Latitude(deg) : 35.152195
Longitude(deg) : 126.794315
Height(m) : 59.165334
North Vel(m/s) : -0.837213
East Vel(m/s) : -6.456678
Up Vel(m/s) : -0.203893
Roll(deg) : 1.250165
Pitch(deg) : -2.621287
Azimuth(deg) : 263.051067
x_latitude(m) : 283999.049677
y_longitude(m) : 181258.182550
Velocity(kph) : 23.437944
Status : INS_SOLUTION_GOOD