Week : 2169
Seconds : 524394.840
Latitude(deg) : 35.153006
Longitude(deg) : 126.792891
Height(m) : 55.299762
North Vel(m/s) : 3.309956
East Vel(m/s) : -0.326144
Up Vel(m/s) : 0.058032
Roll(deg) : 1.053157
Pitch(deg) : 1.620084
Azimuth(deg) : 355.393717
x_latitude(m) : 284089.323583
y_longitude(m) : 181128.628454
Velocity(kph) : 11.971647
Status : INS_SOLUTION_GOOD