Week : 2169
Seconds : 524299.360
Latitude(deg) : 35.152254
Longitude(deg) : 126.794772
Height(m) : 60.215450
North Vel(m/s) : -0.901687
East Vel(m/s) : -5.195116
Up Vel(m/s) : -0.036681
Roll(deg) : 1.290703
Pitch(deg) : -0.374624
Azimuth(deg) : 262.456822
x_latitude(m) : 284005.525330
y_longitude(m) : 181299.884602
Velocity(kph) : 18.966693
Status : INS_SOLUTION_GOOD