Week : 2169
Seconds : 524371.850
Latitude(deg) : 35.152053
Longitude(deg) : 126.793222
Height(m) : 52.816004
North Vel(m/s) : -0.000344
East Vel(m/s) : -0.001742
Up Vel(m/s) : -0.002538
Roll(deg) : 0.626765
Pitch(deg) : -2.730666
Azimuth(deg) : 262.523273
x_latitude(m) : 283983.531167
y_longitude(m) : 181158.561445
Velocity(kph) : 0.006380
Status : INS_SOLUTION_GOOD