Week : 2169
Seconds : 524397.790
Latitude(deg) : 35.153100
Longitude(deg) : 126.792895
Height(m) : 55.367581
North Vel(m/s) : 3.499472
East Vel(m/s) : 0.822252
Up Vel(m/s) : 0.063762
Roll(deg) : 1.503891
Pitch(deg) : 1.638472
Azimuth(deg) : 12.113824
x_latitude(m) : 284099.755734
y_longitude(m) : 181129.038657
Velocity(kph) : 12.938764
Status : INS_SOLUTION_GOOD