Week : 2169
Seconds : 524369.850
Latitude(deg) : 35.152053
Longitude(deg) : 126.793222
Height(m) : 52.815885
North Vel(m/s) : 0.000410
East Vel(m/s) : -0.000904
Up Vel(m/s) : -0.000938
Roll(deg) : 0.629267
Pitch(deg) : -2.733782
Azimuth(deg) : 262.521365
x_latitude(m) : 283983.531331
y_longitude(m) : 181158.561284
Velocity(kph) : 0.003036
Status : INS_SOLUTION_GOOD