Week : 2169
Seconds : 524302.860
Latitude(deg) : 35.152226
Longitude(deg) : 126.794556
Height(m) : 59.954381
North Vel(m/s) : -0.945893
East Vel(m/s) : -5.999824
Up Vel(m/s) : -0.114447
Roll(deg) : 1.545287
Pitch(deg) : -0.643738
Azimuth(deg) : 262.251464
x_latitude(m) : 284002.417209
y_longitude(m) : 181280.220597
Velocity(kph) : 21.861259
Status : INS_SOLUTION_GOOD