Week : 2169
Seconds : 524317.360
Latitude(deg) : 35.152091
Longitude(deg) : 126.793519
Height(m) : 54.727771
North Vel(m/s) : -0.937348
East Vel(m/s) : -5.499385
Up Vel(m/s) : -0.340446
Roll(deg) : 1.513793
Pitch(deg) : -3.237648
Azimuth(deg) : 261.405516
x_latitude(m) : 283987.723414
y_longitude(m) : 181185.677510
Velocity(kph) : 20.079753
Status : INS_SOLUTION_GOOD