Week : 2169
Seconds : 524416.330
Latitude(deg) : 35.153344
Longitude(deg) : 126.793444
Height(m) : 61.159629
North Vel(m/s) : 1.244222
East Vel(m/s) : -0.135957
Up Vel(m/s) : 0.085133
Roll(deg) : 0.183226
Pitch(deg) : 1.950917
Azimuth(deg) : 358.865716
x_latitude(m) : 284126.662443
y_longitude(m) : 181179.124715
Velocity(kph) : 4.488010
Status : INS_SOLUTION_GOOD