Week : 2169
Seconds : 524395.340
Latitude(deg) : 35.153021
Longitude(deg) : 126.792889
Height(m) : 55.311163
North Vel(m/s) : 3.378032
East Vel(m/s) : -0.234496
Up Vel(m/s) : 0.064330
Roll(deg) : 0.958200
Pitch(deg) : 1.538982
Azimuth(deg) : 356.901051
x_latitude(m) : 284091.002185
y_longitude(m) : 181128.507658
Velocity(kph) : 12.188768
Status : INS_SOLUTION_GOOD