Week : 2169
Seconds : 524317.850
Latitude(deg) : 35.152087
Longitude(deg) : 126.793490
Height(m) : 54.578628
North Vel(m/s) : -0.867313
East Vel(m/s) : -5.179022
Up Vel(m/s) : -0.312272
Roll(deg) : 1.571500
Pitch(deg) : -3.201264
Azimuth(deg) : 261.592050
x_latitude(m) : 283987.271799
y_longitude(m) : 181183.043006
Velocity(kph) : 18.900637
Status : INS_SOLUTION_GOOD