Week : 2169
Seconds : 524376.370
Latitude(deg) : 35.152057
Longitude(deg) : 126.793189
Height(m) : 53.123682
North Vel(m/s) : 0.673769
East Vel(m/s) : -2.017641
Up Vel(m/s) : -0.090834
Roll(deg) : -2.272941
Pitch(deg) : -1.748548
Azimuth(deg) : 284.515401
x_latitude(m) : 283983.920014
y_longitude(m) : 181155.549369
Velocity(kph) : 7.639602
Status : INS_SOLUTION_GOOD