Week : 2169
Seconds : 524331.830
Latitude(deg) : 35.152053
Longitude(deg) : 126.793222
Height(m) : 52.796629
North Vel(m/s) : -0.000909
East Vel(m/s) : 0.000642
Up Vel(m/s) : -0.000784
Roll(deg) : 0.623976
Pitch(deg) : -2.714592
Azimuth(deg) : 262.484464
x_latitude(m) : 283983.543100
y_longitude(m) : 181158.553857
Velocity(kph) : -0.001864
Status : INS_SOLUTION_GOOD