Week : 2169
Seconds : 524324.820
Latitude(deg) : 35.152057
Longitude(deg) : 126.793247
Height(m) : 53.209265
North Vel(m/s) : -0.216167
East Vel(m/s) : -1.561729
Up Vel(m/s) : -0.081691
Roll(deg) : 0.790339
Pitch(deg) : -2.964838
Azimuth(deg) : 262.723287
x_latitude(m) : 283983.946320
y_longitude(m) : 181160.876372
Velocity(kph) : 5.675512
Status : INS_SOLUTION_GOOD