Week : 2169
Seconds : 524312.360
Latitude(deg) : 35.152140
Longitude(deg) : 126.793875
Height(m) : 56.857602
North Vel(m/s) : -1.232631
East Vel(m/s) : -7.049261
Up Vel(m/s) : -0.465404
Roll(deg) : 1.164430
Pitch(deg) : -3.172864
Azimuth(deg) : 261.427559
x_latitude(m) : 283992.989616
y_longitude(m) : 181218.139758
Velocity(kph) : 25.755276
Status : INS_SOLUTION_GOOD