Week : 2169
Seconds : 524349.850
Latitude(deg) : 35.152053
Longitude(deg) : 126.793222
Height(m) : 52.814574
North Vel(m/s) : 0.000878
East Vel(m/s) : 0.001139
Up Vel(m/s) : 0.000753
Roll(deg) : 0.648978
Pitch(deg) : -2.726259
Azimuth(deg) : 262.505101
x_latitude(m) : 283983.531936
y_longitude(m) : 181158.559065
Velocity(kph) : -0.004477
Status : INS_SOLUTION_GOOD