Week : 2169
Seconds : 524325.810
Latitude(deg) : 35.152055
Longitude(deg) : 126.793232
Height(m) : 53.385597
North Vel(m/s) : -0.149325
East Vel(m/s) : -0.980145
Up Vel(m/s) : -0.055556
Roll(deg) : 0.716789
Pitch(deg) : -2.957066
Azimuth(deg) : 262.684438
x_latitude(m) : 283983.738836
y_longitude(m) : 181159.501586
Velocity(kph) : 3.568250
Status : INS_SOLUTION_GOOD