Week : 2169
Seconds : 524319.360
Latitude(deg) : 35.152077
Longitude(deg) : 126.793416
Height(m) : 54.171338
North Vel(m/s) : -0.574352
East Vel(m/s) : -3.782368
Up Vel(m/s) : -0.247966
Roll(deg) : 1.711102
Pitch(deg) : -3.104843
Azimuth(deg) : 262.141056
x_latitude(m) : 283986.168089
y_longitude(m) : 181176.313162
Velocity(kph) : 13.771356
Status : INS_SOLUTION_GOOD