Week : 2169
Seconds : 524409.300
Latitude(deg) : 35.153243
Longitude(deg) : 126.793352
Height(m) : 60.568646
North Vel(m/s) : 0.444553
East Vel(m/s) : 2.433406
Up Vel(m/s) : 0.312126
Roll(deg) : 1.247169
Pitch(deg) : 7.823840
Azimuth(deg) : 81.199632
x_latitude(m) : 284115.489245
y_longitude(m) : 181170.674424
Velocity(kph) : 8.901978
Status : INS_SOLUTION_GOOD