Week : 2169
Seconds : 524380.350
Latitude(deg) : 35.152164
Longitude(deg) : 126.793073
Height(m) : 53.207514
North Vel(m/s) : 5.392987
East Vel(m/s) : -2.243168
Up Vel(m/s) : 0.072755
Roll(deg) : 0.611547
Pitch(deg) : 1.485604
Azimuth(deg) : 337.144390
x_latitude(m) : 283995.807718
y_longitude(m) : 181144.990050
Velocity(kph) : 21.027005
Status : INS_SOLUTION_GOOD