Week : 2169
Seconds : 524329.860
Latitude(deg) : 35.152053
Longitude(deg) : 126.793221
Height(m) : 52.843315
North Vel(m/s) : -0.002470
East Vel(m/s) : -0.000704
Up Vel(m/s) : -0.008685
Roll(deg) : 0.637495
Pitch(deg) : -2.723621
Azimuth(deg) : 262.607527
x_latitude(m) : 283983.552276
y_longitude(m) : 181158.515795
Velocity(kph) : 0.003659
Status : INS_SOLUTION_GOOD