Week : 2169
Seconds : 524411.320
Latitude(deg) : 35.153257
Longitude(deg) : 126.793400
Height(m) : 61.040541
North Vel(m/s) : 1.366567
East Vel(m/s) : 2.066610
Up Vel(m/s) : 0.136118
Roll(deg) : 0.735195
Pitch(deg) : 3.462888
Azimuth(deg) : 61.326246
x_latitude(m) : 284117.082850
y_longitude(m) : 181175.103333
Velocity(kph) : 8.887977
Status : INS_SOLUTION_GOOD