Week : 2169
Seconds : 524414.330
Latitude(deg) : 35.153311
Longitude(deg) : 126.793443
Height(m) : 61.178151
North Vel(m/s) : 2.145435
East Vel(m/s) : 0.507949
Up Vel(m/s) : -0.020443
Roll(deg) : -0.654476
Pitch(deg) : -0.276152
Azimuth(deg) : 15.198718
x_latitude(m) : 284123.064605
y_longitude(m) : 181178.972258
Velocity(kph) : 7.932817
Status : INS_SOLUTION_GOOD