Week : 2169
Seconds : 524360.850
Latitude(deg) : 35.152053
Longitude(deg) : 126.793222
Height(m) : 52.815206
North Vel(m/s) : -0.001100
East Vel(m/s) : 0.001384
Up Vel(m/s) : 0.000937
Roll(deg) : 0.629742
Pitch(deg) : -2.721214
Azimuth(deg) : 262.506489
x_latitude(m) : 283983.531617
y_longitude(m) : 181158.560598
Velocity(kph) : -0.004422
Status : INS_SOLUTION_GOOD