Week : 2169
Seconds : 524355.850
Latitude(deg) : 35.152053
Longitude(deg) : 126.793222
Height(m) : 52.815037
North Vel(m/s) : -0.000771
East Vel(m/s) : 0.000964
Up Vel(m/s) : 0.001561
Roll(deg) : 0.631976
Pitch(deg) : -2.711208
Azimuth(deg) : 262.513905
x_latitude(m) : 283983.531793
y_longitude(m) : 181158.559888
Velocity(kph) : -0.003080
Status : INS_SOLUTION_GOOD