Week : 2169
Seconds : 524332.840
Latitude(deg) : 35.152053
Longitude(deg) : 126.793222
Height(m) : 52.812112
North Vel(m/s) : -0.002305
East Vel(m/s) : -0.000498
Up Vel(m/s) : -0.002390
Roll(deg) : 0.629485
Pitch(deg) : -2.720884
Azimuth(deg) : 262.577847
x_latitude(m) : 283983.543657
y_longitude(m) : 181158.553001
Velocity(kph) : 0.002848
Status : INS_SOLUTION_GOOD