Week : 2169
Seconds : 524320.370
Latitude(deg) : 35.152072
Longitude(deg) : 126.793376
Height(m) : 53.987189
North Vel(m/s) : -0.626767
East Vel(m/s) : -3.494348
Up Vel(m/s) : -0.194834
Roll(deg) : 1.784656
Pitch(deg) : -3.565434
Azimuth(deg) : 262.918349
x_latitude(m) : 283985.618371
y_longitude(m) : 181172.639293
Velocity(kph) : 12.761861
Status : INS_SOLUTION_GOOD