Week : 2169
Seconds : 524378.350
Latitude(deg) : 35.152088
Longitude(deg) : 126.793131
Height(m) : 53.229236
North Vel(m/s) : 2.954795
East Vel(m/s) : -2.948365
Up Vel(m/s) : -0.084062
Roll(deg) : -2.867100
Pitch(deg) : -0.612477
Azimuth(deg) : 314.137632
x_latitude(m) : 283987.431013
y_longitude(m) : 181150.325238
Velocity(kph) : 15.025041
Status : INS_SOLUTION_GOOD