Week : 2169
Seconds : 524386.340
Latitude(deg) : 35.152531
Longitude(deg) : 126.792971
Height(m) : 54.108362
North Vel(m/s) : 7.658675
East Vel(m/s) : -1.405496
Up Vel(m/s) : 0.117403
Roll(deg) : 1.415657
Pitch(deg) : 1.453554
Azimuth(deg) : 350.723264
x_latitude(m) : 284036.582120
y_longitude(m) : 181135.787169
Velocity(kph) : 28.026288
Status : INS_SOLUTION_GOOD