Week : 2169
Seconds : 524311.860
Latitude(deg) : 35.152145
Longitude(deg) : 126.793914
Height(m) : 57.074141
North Vel(m/s) : -1.185266
East Vel(m/s) : -7.018466
Up Vel(m/s) : -0.425062
Roll(deg) : 0.984030
Pitch(deg) : -2.866579
Azimuth(deg) : 261.624484
x_latitude(m) : 283993.581313
y_longitude(m) : 181221.677744
Velocity(kph) : 25.618527
Status : INS_SOLUTION_GOOD