Week : 2169
Seconds : 524363.820
Latitude(deg) : 35.152053
Longitude(deg) : 126.793222
Height(m) : 52.815476
North Vel(m/s) : -0.002274
East Vel(m/s) : -0.000796
Up Vel(m/s) : -0.000124
Roll(deg) : 0.621429
Pitch(deg) : -2.725037
Azimuth(deg) : 262.518951
x_latitude(m) : 283983.531705
y_longitude(m) : 181158.560988
Velocity(kph) : 0.003907
Status : INS_SOLUTION_GOOD