Week : 2169
Seconds : 524384.340
Latitude(deg) : 35.152398
Longitude(deg) : 126.793001
Height(m) : 53.827841
North Vel(m/s) : 6.991998
East Vel(m/s) : -1.277334
Up Vel(m/s) : 0.155355
Roll(deg) : 0.342731
Pitch(deg) : 1.806323
Azimuth(deg) : 350.833807
x_latitude(m) : 284021.868362
y_longitude(m) : 181138.518173
Velocity(kph) : 25.582289
Status : INS_SOLUTION_GOOD