Week : 2169
Seconds : 524365.850
Latitude(deg) : 35.152053
Longitude(deg) : 126.793222
Height(m) : 52.815725
North Vel(m/s) : -0.001392
East Vel(m/s) : -0.002555
Up Vel(m/s) : -0.000955
Roll(deg) : 0.620582
Pitch(deg) : -2.724581
Azimuth(deg) : 262.518029
x_latitude(m) : 283983.531617
y_longitude(m) : 181158.561183
Velocity(kph) : 0.009774
Status : INS_SOLUTION_GOOD