Week : 2169
Seconds : 524347.850
Latitude(deg) : 35.152053
Longitude(deg) : 126.793222
Height(m) : 52.814462
North Vel(m/s) : 0.001000
East Vel(m/s) : 0.000996
Up Vel(m/s) : -0.001075
Roll(deg) : 0.640822
Pitch(deg) : -2.719777
Azimuth(deg) : 262.509207
x_latitude(m) : 283983.532090
y_longitude(m) : 181158.558884
Velocity(kph) : -0.004023
Status : INS_SOLUTION_GOOD