Week : 2169
Seconds : 524325.340
Latitude(deg) : 35.152056
Longitude(deg) : 126.793239
Height(m) : 53.277488
North Vel(m/s) : -0.227621
East Vel(m/s) : -1.204137
Up Vel(m/s) : -0.109766
Roll(deg) : 0.944305
Pitch(deg) : -3.204678
Azimuth(deg) : 262.725301
x_latitude(m) : 283983.836156
y_longitude(m) : 181160.101042
Velocity(kph) : 4.403762
Status : INS_SOLUTION_GOOD