Week : 2169
Seconds : 524322.840
Latitude(deg) : 35.152062
Longitude(deg) : 126.793293
Height(m) : 53.502720
North Vel(m/s) : -0.373967
East Vel(m/s) : -2.535513
Up Vel(m/s) : -0.165421
Roll(deg) : 1.507845
Pitch(deg) : -3.342850
Azimuth(deg) : 262.907365
x_latitude(m) : 283984.534190
y_longitude(m) : 181165.046263
Velocity(kph) : 9.224230
Status : INS_SOLUTION_GOOD