Week : 2169
Seconds : 524339.810
Latitude(deg) : 35.152053
Longitude(deg) : 126.793222
Height(m) : 52.813951
North Vel(m/s) : 0.001147
East Vel(m/s) : -0.001974
Up Vel(m/s) : 0.000394
Roll(deg) : 0.640512
Pitch(deg) : -2.729098
Azimuth(deg) : 262.535637
x_latitude(m) : 283983.534507
y_longitude(m) : 181158.557772
Velocity(kph) : 0.006509
Status : INS_SOLUTION_GOOD