Week : 2169
Seconds : 524389.340
Latitude(deg) : 35.152741
Longitude(deg) : 126.792931
Height(m) : 54.643061
North Vel(m/s) : 7.585946
East Vel(m/s) : -0.969581
Up Vel(m/s) : 0.177327
Roll(deg) : 1.412925
Pitch(deg) : 1.652510
Azimuth(deg) : 353.801826
x_latitude(m) : 284059.951800
y_longitude(m) : 181132.211507
Velocity(kph) : 27.526625
Status : INS_SOLUTION_GOOD