Week : 2169
Seconds : 524381.340
Latitude(deg) : 35.152215
Longitude(deg) : 126.793050
Height(m) : 53.331911
North Vel(m/s) : 6.264121
East Vel(m/s) : -1.946877
Up Vel(m/s) : 0.164732
Roll(deg) : 0.728188
Pitch(deg) : 2.042031
Azimuth(deg) : 343.849000
x_latitude(m) : 284001.559149
y_longitude(m) : 181142.927690
Velocity(kph) : 23.610421
Status : INS_SOLUTION_GOOD