Week : 2169
Seconds : 524301.860
Latitude(deg) : 35.152234
Longitude(deg) : 126.794621
Height(m) : 60.061740
North Vel(m/s) : -0.937862
East Vel(m/s) : -5.752171
Up Vel(m/s) : -0.051943
Roll(deg) : 1.986145
Pitch(deg) : -0.099625
Azimuth(deg) : 261.704454
x_latitude(m) : 284003.325558
y_longitude(m) : 181286.125305
Velocity(kph) : 20.978282
Status : INS_SOLUTION_GOOD