Week : 2169
Seconds : 524409.800
Latitude(deg) : 35.153245
Longitude(deg) : 126.793365
Height(m) : 60.716554
North Vel(m/s) : 0.535770
East Vel(m/s) : 2.253624
Up Vel(m/s) : 0.273460
Roll(deg) : 1.228931
Pitch(deg) : 7.080863
Azimuth(deg) : 79.071708
x_latitude(m) : 284115.731950
y_longitude(m) : 181171.846911
Velocity(kph) : 8.331575
Status : INS_SOLUTION_GOOD