Week : 2169
Seconds : 524403.800
Latitude(deg) : 35.153194
Longitude(deg) : 126.793110
Height(m) : 57.520542
North Vel(m/s) : 1.162703
East Vel(m/s) : 4.462664
Up Vel(m/s) : 0.672979
Roll(deg) : 1.492673
Pitch(deg) : 9.114330
Azimuth(deg) : 76.705248
x_latitude(m) : 284110.146726
y_longitude(m) : 181148.649527
Velocity(kph) : 16.597586
Status : INS_SOLUTION_GOOD