Week : 2169
Seconds : 524381.820
Latitude(deg) : 35.152243
Longitude(deg) : 126.793040
Height(m) : 53.405856
North Vel(m/s) : 6.614215
East Vel(m/s) : -1.754646
Up Vel(m/s) : 0.140528
Roll(deg) : 0.747368
Pitch(deg) : 1.834387
Azimuth(deg) : 346.107892
x_latitude(m) : 284004.652586
y_longitude(m) : 181142.054626
Velocity(kph) : 24.631296
Status : INS_SOLUTION_GOOD