Week : 2169
Seconds : 524399.800
Latitude(deg) : 35.153156
Longitude(deg) : 126.792935
Height(m) : 55.388067
North Vel(m/s) : 2.526457
East Vel(m/s) : 2.935540
Up Vel(m/s) : 0.183950
Roll(deg) : -1.161437
Pitch(deg) : 6.170292
Azimuth(deg) : 50.241681
x_latitude(m) : 284105.916286
y_longitude(m) : 181132.660364
Velocity(kph) : 13.940965
Status : INS_SOLUTION_GOOD