Week : 2169
Seconds : 524391.820
Latitude(deg) : 35.152890
Longitude(deg) : 126.792908
Height(m) : 55.034763
North Vel(m/s) : 5.468535
East Vel(m/s) : -0.696656
Up Vel(m/s) : 0.130773
Roll(deg) : 1.621541
Pitch(deg) : 1.485224
Azimuth(deg) : 353.881321
x_latitude(m) : 284076.421609
y_longitude(m) : 181130.175290
Velocity(kph) : 19.841894
Status : INS_SOLUTION_GOOD