Week : 2169
Seconds : 524382.340
Latitude(deg) : 35.152275
Longitude(deg) : 126.793030
Height(m) : 53.481602
North Vel(m/s) : 6.947318
East Vel(m/s) : -1.597656
Up Vel(m/s) : 0.134396
Roll(deg) : 0.900148
Pitch(deg) : 1.792722
Azimuth(deg) : 347.820990
x_latitude(m) : 284008.188800
y_longitude(m) : 181141.184686
Velocity(kph) : 25.660832
Status : INS_SOLUTION_GOOD