Week : 2169
Seconds : 524378.830
Latitude(deg) : 35.152102
Longitude(deg) : 126.793116
Height(m) : 53.193437
North Vel(m/s) : 3.619072
East Vel(m/s) : -2.851953
Up Vel(m/s) : -0.080356
Roll(deg) : -1.816064
Pitch(deg) : -0.152702
Azimuth(deg) : 320.241040
x_latitude(m) : 283988.999166
y_longitude(m) : 181148.925491
Velocity(kph) : 16.582050
Status : INS_SOLUTION_GOOD