Week : 2169
Seconds : 524323.360
Latitude(deg) : 35.152061
Longitude(deg) : 126.793279
Height(m) : 53.413098
North Vel(m/s) : -0.442483
East Vel(m/s) : -2.364644
Up Vel(m/s) : -0.161730
Roll(deg) : 1.154623
Pitch(deg) : -3.159049
Azimuth(deg) : 262.817619
x_latitude(m) : 283984.352343
y_longitude(m) : 181163.771299
Velocity(kph) : 8.645083
Status : INS_SOLUTION_GOOD