Week : 2169
Seconds : 524306.870
Latitude(deg) : 35.152191
Longitude(deg) : 126.794279
Height(m) : 59.019473
North Vel(m/s) : -1.036781
East Vel(m/s) : -6.445407
Up Vel(m/s) : -0.242608
Roll(deg) : 1.006472
Pitch(deg) : -2.271532
Azimuth(deg) : 262.692855
x_latitude(m) : 283998.586504
y_longitude(m) : 181254.954254
Velocity(kph) : 23.489738
Status : INS_SOLUTION_GOOD