Week : 2169
Seconds : 524394.350
Latitude(deg) : 35.152992
Longitude(deg) : 126.792892
Height(m) : 55.283720
North Vel(m/s) : 3.372478
East Vel(m/s) : -0.380376
Up Vel(m/s) : 0.072825
Roll(deg) : 1.067077
Pitch(deg) : 1.574277
Azimuth(deg) : 354.651181
x_latitude(m) : 284087.700999
y_longitude(m) : 181128.778713
Velocity(kph) : 12.215704
Status : INS_SOLUTION_GOOD