Week : 2169
Seconds : 524354.840
Latitude(deg) : 35.152053
Longitude(deg) : 126.793222
Height(m) : 52.814996
North Vel(m/s) : -0.000215
East Vel(m/s) : 0.000433
Up Vel(m/s) : -0.000248
Roll(deg) : 0.633094
Pitch(deg) : -2.713150
Azimuth(deg) : 262.503442
x_latitude(m) : 283983.531699
y_longitude(m) : 181158.559799
Velocity(kph) : -0.001444
Status : INS_SOLUTION_GOOD