Week : 2169
Seconds : 524313.860
Latitude(deg) : 35.152124
Longitude(deg) : 126.793760
Height(m) : 56.203910
North Vel(m/s) : -1.144238
East Vel(m/s) : -6.821868
Up Vel(m/s) : -0.421089
Roll(deg) : 0.988982
Pitch(deg) : -3.279232
Azimuth(deg) : 261.872295
x_latitude(m) : 283991.242853
y_longitude(m) : 181207.622612
Velocity(kph) : 24.894422
Status : INS_SOLUTION_GOOD