Week : 2169
Seconds : 524305.860
Latitude(deg) : 35.152199
Longitude(deg) : 126.794351
Height(m) : 59.311629
North Vel(m/s) : -0.817759
East Vel(m/s) : -6.272675
Up Vel(m/s) : -0.274658
Roll(deg) : 0.399170
Pitch(deg) : -2.308890
Azimuth(deg) : 262.821090
x_latitude(m) : 283999.498831
y_longitude(m) : 181261.459253
Velocity(kph) : 22.772504
Status : INS_SOLUTION_GOOD