Week : 2169
Seconds : 524351.850
Latitude(deg) : 35.152053
Longitude(deg) : 126.793222
Height(m) : 52.814708
North Vel(m/s) : -0.004318
East Vel(m/s) : -0.002344
Up Vel(m/s) : -0.000867
Roll(deg) : 0.645020
Pitch(deg) : -2.726659
Azimuth(deg) : 262.526911
x_latitude(m) : 283983.532156
y_longitude(m) : 181158.559373
Velocity(kph) : 0.010388
Status : INS_SOLUTION_GOOD