Week : 2169
Seconds : 524368.840
Latitude(deg) : 35.152053
Longitude(deg) : 126.793222
Height(m) : 52.816073
North Vel(m/s) : 0.000743
East Vel(m/s) : 0.003464
Up Vel(m/s) : 0.002229
Roll(deg) : 0.627975
Pitch(deg) : -2.715298
Azimuth(deg) : 262.523011
x_latitude(m) : 283983.531461
y_longitude(m) : 181158.561345
Velocity(kph) : -0.012712
Status : INS_SOLUTION_GOOD