Week : 2169
Seconds : 524404.310
Latitude(deg) : 35.153200
Longitude(deg) : 126.793135
Height(m) : 57.857601
North Vel(m/s) : 1.297905
East Vel(m/s) : 4.362521
Up Vel(m/s) : 0.653449
Roll(deg) : 0.775645
Pitch(deg) : 9.301624
Azimuth(deg) : 75.257127
x_latitude(m) : 284110.787696
y_longitude(m) : 181150.923068
Velocity(kph) : 16.377082
Status : INS_SOLUTION_GOOD