Week : 2169
Seconds : 524301.360
Latitude(deg) : 35.152238
Longitude(deg) : 126.794652
Height(m) : 60.090965
North Vel(m/s) : -0.931715
East Vel(m/s) : -5.573904
Up Vel(m/s) : 0.114785
Roll(deg) : 2.047304
Pitch(deg) : -0.596776
Azimuth(deg) : 261.522971
x_latitude(m) : 284003.789700
y_longitude(m) : 181288.955081
Velocity(kph) : 20.341281
Status : INS_SOLUTION_GOOD