Week : 2169
Seconds : 524390.340
Latitude(deg) : 35.152807
Longitude(deg) : 126.792921
Height(m) : 54.811538
North Vel(m/s) : 6.873695
East Vel(m/s) : -0.867621
Up Vel(m/s) : 0.174283
Roll(deg) : 1.378328
Pitch(deg) : 1.514891
Azimuth(deg) : 354.018800
x_latitude(m) : 284067.205558
y_longitude(m) : 181131.328812
Velocity(kph) : 24.936061
Status : INS_SOLUTION_GOOD