Week : 2169
Seconds : 524415.840
Latitude(deg) : 35.153337
Longitude(deg) : 126.793445
Height(m) : 61.147666
North Vel(m/s) : 1.762031
East Vel(m/s) : -0.120541
Up Vel(m/s) : 0.016340
Roll(deg) : 0.234564
Pitch(deg) : 1.734923
Azimuth(deg) : 1.359293
x_latitude(m) : 284125.932940
y_longitude(m) : 181179.163770
Velocity(kph) : 6.331231
Status : INS_SOLUTION_GOOD