Week : 2169
Seconds : 524308.360
Latitude(deg) : 35.152177
Longitude(deg) : 126.794174
Height(m) : 58.496728
North Vel(m/s) : -1.044495
East Vel(m/s) : -6.430065
Up Vel(m/s) : -0.344335
Roll(deg) : 0.615145
Pitch(deg) : -2.985064
Azimuth(deg) : 262.346966
x_latitude(m) : 283997.107932
y_longitude(m) : 181245.353081
Velocity(kph) : 23.442804
Status : INS_SOLUTION_GOOD