Week : 2169
Seconds : 524314.870
Latitude(deg) : 35.152114
Longitude(deg) : 126.793686
Height(m) : 55.684377
North Vel(m/s) : -1.047932
East Vel(m/s) : -6.501360
Up Vel(m/s) : -0.440211
Roll(deg) : 0.795334
Pitch(deg) : -2.845484
Azimuth(deg) : 262.200336
x_latitude(m) : 283990.143505
y_longitude(m) : 181200.906921
Velocity(kph) : 23.700341
Status : INS_SOLUTION_GOOD